500 v1:
1723 421 1516 2206 -1813 -1215 -2009 -2397 1134 1065 -1067 1083 -1601 -1638 1399 687 2040 -1276 -1774 -1757 -182 783 2013 -293 1018 -960 -58 772 -482 269 -1371 -194 -2411 -2404 -1803 -646 -1577 -2108 907 974 1159 -764 728 176 -167 656 1053 963 2366 1931 2425 -1520 -943 -1875 777 -428 76 -2307 -1899 -2324 -1615 71 -2199 2301 -1354 1247 1700 2458 -1618 419 948 -1076 665 -2391 -1513 1814 -1033 2124 1207 163 -1733 2026 -1962 -2122 -1140 -2355 -126 226 -2189 -1712 1144 -733 220 2428 7 -1561 2262 658 152 -2466 1072 -523 -980 659 362 -2050 1338 -2149 -920 -747 -1849 18 -1345 1910 -597 -825 2245 -1398 1483 -1263 -334 65 1471 -907 148 563 2367 360 104 2359 -2239 -279 482 500 -777 238 310 2477 1908 -2073 -1503 -569 -1926 1204 -1844 2500 -850 -1197 -86 867 2035 -1839 -2280 1812 -2455 -1530 -811 -649 2089 1203 1327 -2002 -1168 -1375 -2169 317 1080 717 882 -317 1889 -1430 -1378 -163 1628 -1394 -328 -529 1085 -2039 -2148 -2298 911 -1749 1240 -1132 -1457 795 -1239 536 -909 338 1071 940 -1685 -862 251 -1630 463 1381 526 100 -447 -113 -2175 -70 -1480 -148 321 -283 2009 -1023 959 2450 891 -1287 -1058 -1704 271 283 -831 -22 1601 -2306 -1097 -1525 -615 -254 1796 -1288 2300 1848 1984 -1693 -1832 785 2263 -155 -1769 -944 -2482 2075 1033 -1042 1196 -1622 -1543 586 -1667 1342 751 -1198 118 1943 856 938 2461 -235 -2043 1607 -1417 -965 -857 -519 1530 -2458 2082 -1159 1355 231 1815 1004 2389 732 1591 -183 -1214 1019 -1843 -834 -1921 1213 1762 -310 -749 1392 -676 1248 -472 1868 975 633 2046 221 -889 1578 -2311 1570 901 -1682 624 -1471 445 298 781 964 -2423 1997 1304 -1167 -1913 -1755 -1081 1610 2489 -16 67 -1121 2469 1949 2394 -697 -1077 223 -1254 1252 1823 -748 1744 -657 -1955 -1433 -1247 -861 -1719 -205 1637 555 1962 62 -65 2012 -1464 -539 -745 96 278 -394 1246 -2016 1810 543 1687 -2211 2499 630 174 1371 1351 -2068 2114 1917 -2164 -18 1372 434 1736 2285 746 -2099 1711 -726 -1350 -2025 1544 -1223 -371 1531 -1842 2380 2482 546 -439 -456 1853 516 2343 668 1173 88 1227 -1416 -504 1331 2147 -1403 -2418 1013 -1300 -2254 998 -731 -203 634 -98 2278 -142 -629 -581 1346 -1456 239 -1317 -1255 -187 -1240 -354 -2034 1446 1383 -1802 -1392 1154 -325 -1024 1826 -1923 -1581 -2194 -1170 1238 -1573 -1772 80 2337 -1593 1024 -2378 -324 -272 -437 1850 748 2011 -395 -2015 -2141 1021 881 -343 587 1651 -21 454 1180 2371 808 -1877 -836 195 -56 833 2491 -403 1813 1541 -842 -112 -1359 -1765 -251 -1918 -2226 -138 -2314 -1528 2210 -35 2085 -214 1490 -2271 -1275 -619 -2477 -1089 -1840 -890 -422 -949 580 -933 2280 -2078 -2454 1641 2347 -1940 2022

500 v2:
1037 -1444 2332 1560 1192 -916 -1540 -2196 2462 -1669 2168 2015 455 -1797 721 -2218 1762 -2372 2011 -1028 -2028 199 -949 -1164 189 1544 -1972 -545 418 -1481 -1094 -1464 -1150 -2403 1154 -2032 2122 1347 -337 -2264 75 -1700 -645 -542 -175 -1822 -1729 -1344 -1227 1318 -1765 36 -24 216 -1136 386 -1815 -133 1296 33 -1191 578 -2217 -1478 -1388 1676 -2146 -379 -2190 -816 -602 690 967 -1363 -2006 -450 -775 1698 358 -2407 -341 -1157 2498 1882 1731 -1099 1186 -2004 2182 -1427 445 228 2048 608 -2160 922 130 -1943 -1735 243 -794 -884 2260 1194 1416 -904 -640 -194 -1350 411 -652 1448 400 366 -1110 1716 1503 93 -1354 2208 1340 -692 -1736 750 337 -228 1550 2085 -1925 2311 -52 133 1062 -1001 107 951 -272 -1699 -187 1225 -309 -140 1732 -806 -596 -1956 -2348 -1707 -1566 712 2292 2244 927 -2153 -769 96 447 937 2074 996 1288 -1693 679 -1012 -265 -1305 1898 1013 2419 -498 -521 -1497 -1414 64 -690 -2458 -750 687 -193 -2161 1398 554 1498 -163 1014 -1220 -2079 971 -2009 1046 -1849 1268 1848 -150 -406 663 956 633 -1779 -2337 -928 1791 -374 169 -1407 805 207 -1533 -164 2095 1409 939 -984 2398 -1793 2401 2089 -574 -40 -1739 -1304 -304 -1087 2104 2218 658 101 813 -324 794 1604 -2326 660 1824 -2152 1900 350 1821 -588 -205 519 261 -2429 528 -2309 -2183 918 72 -2059 281 -1535 -1828 1146 -1369 -578 -2449 -1185 -1725 -1346 1245 1082 267 -1235 389 -1785 426 1287 1704 2246 -1214 210 -1465 -320 -2076 -1679 -647 -92 -2423 67 1661 -1011 587 524 -580 -1264 1754 1953 -10 -532 -79 -704 -648 -1767 -196 -2249 1632 -1599 952 -517 1129 -462 -155 -2345 1133 -785 -1638 2216 -1311 -93 -267 -1259 -2008 -1353 -2084 490 -1104 -1209 1452 2325 2425 371 -45 2439 1357 -1918 2286 -274 -1123 1859 1601 -396 856 1475 -387 -1337 -1581 1964 649 -1372 -1648 1728 -2253 -1375 419 -1787 1652 211 -2314 2487 2063 517 -352 -263 -802 1997 1890 1183 1564 960 2206 -1487 113 -1615 -842 -1250 -1905 -1768 -453 2146 275 -766 -2027 1262 -684 2225 -669 -1995 669 2032 -995 1141 -2234 -347 -1266 -513 2368 1312 -2384 1938 -1746 65 -936 1408 2484 287 1768 613 1193 -327 1868 -394 -1275 -1666 1171 361 2127 765 -404 1373 2045 -1314 -2375 -824 -1162 2017 35 1022 -103 2096 1072 -2096 1018 1324 -1147 1040 -362 2317 -95 -1457 1221 1819 1637 -1381 -421 -800 2321 -855 1126 1097 -1555 1466 2314 1058 -1946 531 -1893 2058 789 338 683 -917 1576 -1763 -1247 1744 363 -1130 -331 1552 -1733 467 -1609 673 -1365 -384 1514 641 -2496 1808 -232 667 1554 2496 2318 2349 -1858 -747 932 926 -80 1863 2050 -442 -115 2205 689 2268 2474 -1531 1116 -134 -349 -514 -2250 2385 -1293 -838 753 2160 277

500 v3:
605 656 1267 510 -1597 709 -1765 -99 243 1901 2127 1812 -2208 -271 1206 -283 742 2465 499 229 -977 -401 -65 1201 1626 -1473 182 -345 703 501 1708 -835 -2081 -267 96 -402 1835 1877 915 -1651 508 823 -472 -2155 -1043 1900 -1337 1274 -987 1963 -523 -2198 -2373 168 2234 -1742 1883 83 -723 -2380 1352 57 551 -1240 1831 -824 -187 1157 -123 214 100 60 -1224 -2265 -1864 -1128 -860 2038 -972 869 1510 -84 -1714 -1704 -1200 -1721 -1477 2271 -2159 1177 533 -1882 -2487 2280 724 1488 -592 2033 -669 -940 -1316 94 -1586 -2052 -781 -1847 -1446 -1659 -871 -754 -718 982 1512 -1 363 -2412 -213 1633 2089 -684 1605 -2168 -1046 -2451 -1018 -587 747 836 -1144 -2316 2346 638 -891 -109 -1009 -2079 -2172 -2122 1759 2441 2474 1351 2291 -1492 -1647 -2394 1470 -2425 1881 1039 1875 784 234 23 -970 1647 1639 500 2242 2279 -670 752 -2053 150 -1929 -968 -503 759 2256 62 1137 -386 862 148 1648 1261 -2291 1783 1104 2029 2414 984 1161 1182 1348 -1939 907 -1593 1926 -2482 575 492 925 802 49 -73 963 1720 278 1204 1717 -23 -1090 1652 173 2205 65 -1238 1387 -357 -1344 1930 -1401 2178 -403 -527 1034 -1243 -1177 -1315 -108 265 -2078 1959 457 -2366 1885 -1405 2470 2206 -2374 2450 2493 1260 113 1847 -1603 1365 2000 -1336 -686 -502 -2365 545 1546 1312 -915 -1066 -1114 -1289 -748 -2356 -2371 600 -78 -2146 2060 -1664 1228 -1607 304 732 696 -1801 -423 940 -789 -962 -1812 -2457 -1543 -679 -2287 -1995 1440 -1322 528 -896 562 2405 1317 -1070 653 1577 -1298 1891 -336 2320 435 2143 -56 362 -1639 -378 -1343 -2293 165 -780 244 -743 616 1010 2355 -395 -1946 1085 -199 868 -777 -1751 1916 2062 1463 -1497 1571 407 463 -2431 745 594 -1549 2468 -1048 1771 -1775 1653 2041 -114 85 -82 761 -2441 2489 454 -1875 -134 -931 -1728 1595 -281 -888 -1851 -782 2325 -70 -1168 886 -848 -1632 -45 -1483 1056 -2103 2312 -492 2479 -2120 -506 -1876 -2000 -2354 740 -982 -705 1793 -1340 684 -1424 116 -1219 -442 -2399 -1860 1629 2154 -2024 913 -1329 -1749 -2391 102 1575 543 1373 -1039 -1933 -154 -2067 -2419 1995 -2109 2388 1740 924 -617 -266 599 -776 -59 1666 245 -1423 2270 549 809 -476 2467 -2149 2445 1134 -1631 -1427 570 -2071 -809 1403 208 332 -1688 -256 -270 981 1820 1105 1981 -1712 -1464 -432 -1776 -167 1586 467 2426 835 -2269 1057 -2406 1865 -764 782 -691 -889 634 2126 -1547 2051 865 142 -1421 -29 201 144 -180 -354 2133 33 -1206 -1739 -770 -1551 354 -547 -1672 -1687 -298 -2090 1003 -303 1417 1188 662 -13 -1539 -1826 -8 2282 -543 1018 197 2337 -761 2172 78 1005 -1644 2309 -1963 -1092 -239 -139 -1068 1705 2278 -1124 345 975 1400 1568 1503 -790

100 v1:
231 -2 -467 413 -322 -364 -311 44 126 490 266 -228 144 283 246 97 434 -269 -373 75 418 20 205 463 -182 170 -348 137 220 -161 210 -72 269 -144 51 136 128 -440 -230 373 -146 -404 63 -358 -109 -100 -55 -39 -111 378 319 -119 -262 21 491 -382 325 274 253 1 -104 19 -167 -329 133 -145 -188 134 361 240 156 497 221 467 470 358 -202 346 35 -345 180 -316 338 -154 270 18 247 36 299 202 289 -88 498 -294 -442 -107 -134 158 452 39

100 v2:
-199 237 -198 308 -269 320 -246 433 -368 -34 -100 74 4 -438 -289 -494 -333 335 -283 42 -76 103 415 -223 478 -32 -419 17 -95 108 -214 490 358 315 -99 -495 -220 436 198 325 179 126 -280 102 248 87 -466 375 75 386 175 424 384 294 -142 -276 259 -192 -127 -124 377 -460 395 -475 -121 -202 -428 132 -374 -1 -390 438 -138 -476 -350 247 -218 352 -347 420 -474 -483 -318 324 -238 -87 181 127 -91 -15 404 -168 355 459 493 92 -244 -251 71 -123

100 v3:
381 434 108 -74 188 142 -437 -328 398 249 470 443 177 136 -381 212 -500 -167 -464 66 -174 -439 469 -3 -296 75 -142 494 -475 121 69 -49 333 -413 -433 -436 -139 -30 -276 -186 180 -69 -201 253 -319 -172 41 -421 -113 362 11 -265 466 -2 207 -360 -315 445 -338 -353 -470 -193 -417 319 269 -177 102 -89 346 356 152 -230 440 -188 -54 377 -154 -138 -260 165 389 316 -13 29 397 491 218 -136 -327 -362 -97 -366 -498 -412 414 -37 30 -44 113 50